50
200
92
100
83
90
230
100
26
40
56
75
80
90
100
75
50
200
92
100
83
90
230
100
26
40
56
75
80
90
100
75
50
200
92
100
83
90
230
100
26
40
56
75
80
90
100
75
50
200
92
100
83
90
230
100
26
40
56
75
80
90
100
75
50
200
92
100
83
90
230
100
26
40
56
75
80
90
100
75
50
200
92
100
83
90
230
100
26
40
56
75
80
90
100
75
50
200
92
100
83
90
230
100
26
40
56
75
80
90
100
75
50
200
92
100
83
90
230
100
26
40
56
75
80
90
100
75
50
200
92
100
83
90
230
100
26
40
56
75
80
90
100
75
50
200
92
100
83
90
230
100
26
40
56
75
80
90
100
75
50
200
92
100
83
90
230
100
26
40
56
75
80
90
100
75
50
200
92
100
83
90
230
100
26
40
56
75
80
90
100
75
50
200
92
100
83
90
230
100
26
40
56
75
80
90
100
75
50
200
92
100
83
90
230
100
26
40
56
75
80
90
100
75
50
200
92
100
83
90
230
100
26
40
56
75
80
90
100
75
50
200
92
100
83
90
230
100
26
40
56
75
80
90
100
75
